1 2 857
2 407 102
3 915 965
4 797 45
5 997 241
6 650 683
7 748 248
8 99  174
9 2 545
10  277 689
11  568 771
12  76  105
13  117 973
14  171 971
15  327 183
16  277 697
17  269 246
18  670 18
19  51  901
20  951 696
21  710 102
22  61  465
23  348 606
24  551 243
25  524 793
26  89  582
27  900 748
28  235 368
29  122 587
30  449 781
31  970 38
32  362 490
33  742 267
34  289 115
35  898 957
36  996 922
37  951 633
38  713 779
39  603 247
40  402 363
41  143 0
42  274 608
43  81  422
44  550 408
45  43  699
46  482 575
47  909 254
48  613 37
49  202 575
50  297 297
51  736 288
52  464 127
53  499 491
54  635 531
55  796 328
56  184 941
57  641 824
58  863 673
59  396 950
60  555 631
61  664 966
62  301 260
63  425 990
64  559 746
65  431 827
66  724 472
67  847 51
68  888 721
69  136 331
70  859 627
71  206 5
72  429 381
73  798 918
74  886 684
75  123 488
76  779 445
77  764 43
78  938 743
79  800 398
80  734 20
81  211 678
82  601 545
83  512 403
84  796 106
85  644 810
86  416 973
87  115 435
88  667 91
89  395 941
90  374 546
91  546 191
92  754 255
93  124 588
94  423 929
95  314 637
96  668 268
97  321 786
98  960 423
99  11  499
100 721 692
101 803 584
102 337 475
103 806 773
104 429 478
105 214 547
106 361 166
107 944 218
108 12  468
109 527 255
110 789 724
111 250 862
112 892 896
113 545 806
114 832 12
115 628 495
116 194 884
117 395 309
118 655 39
119 558 175
120 247 947
121 36  394
122 877 451
123 599 724
124 83  489
125 754 703
126 65  35
127 889 230
128 938 307
129 662 394
130 248 220
131 642 549
132 747 86
133 201 643
134 400 574
135 653 798
136 653 904
137 643 138
138 951 307
139 793 865
140 500 726
141 585 586
142 285 769
143 511 898
144 336 912
145 454 207
146 239 951
147 335 815
148 911 708
149 2 239
150 602 984
151 372 799
152 177 756
153 816 435
154 617 639
155 806 796
156 793 584
157 803 561
158 479 831
159 397 20
160 618 113
161 702 902
162 838 111
163 989 451
164 215 154
165 581 757
166 294 174
167 997 332
168 350 909
169 335 941
170 906 354
171 920 675
172 493 469
173 187 284
174 678 127
175 831 755
176 316 319
177 188 134
178 73  608
179 884 613
180 193 831
181 717 851
182 508 52
183 809 556
184 705 769
185 983 312
186 847 359
187 415 658
188 132 789
189 520 413
190 913 564
191 90  256
192 960 936
193 693 559
194 980 347
195 300 456
196 376 144
197 192 177
198 272 525
199 88  626
200 772 743
201 540 206
202 474 559
203 575 901
204 241 949
205 583 602
206 215 48
207 460 683
208 81  368
209 998 835
210 585 234
211 522 137
212 294 501
213 788 392
214 621 498
215 116 698
216 81  236
217 788 277
218 817 861
219 678 560
220 351 354
221 156 507
222 617 486
223 218 189
224 213 23
225 884 616
226 923 177
227 829 814
228 479 307
229 285 153
230 584 878
231 176 928
232 166 656
233 507 183
234 907 171
235 7 792
236 995 412
237 22  787
238 149 784
239 649 933
240 885 309
241 131 560
242 22  81
243 502 640
244 462 970
245 465 114
246 192 569
247 547 473
248 557 408
249 480 579
250 775 395
251 845 753
252 701 529
253 962 95
254 842 847
255 31  68
256 627 629
257 524 322
258 918 853
259 823 774
260 775 894
261 109 935
262 478 480
263 511 488
264 785 899
265 487 121
266 453 440
267 470 598
268 1 111
269 756 89
270 728 583
271 647 753
272 973 391
273 842 559
274 637 397
275 72  370
276 948 485
277 999 268
278 471 517
279 350 131
280 381 534
281 310 467
282 973 212
283 164 485
284 429 565
285 186 426
286 838 897
287 779 143
288 452 1
289 866 928
290 214 623
291 532 586
292 513 152
293 915 772
294 204 585
295 343 558
296 877 720
297 730 272
298 364 617
299 210 569
300 514 296
301 33  761
302 202 695
303 706 395
304 597 866
305 376 83
306 679 434
307 483 578
308 0 299
309 639 101
310 709 590
311 774 925
312 804 864
313 528 192
314 660 561
315 888 7
316 788 712
317 79  750
318 854 884
319 710 665
320 939 390
321 156 683
322 62  737
323 207 501
324 944 334
325 952 915
326 14  440
327 923 386
328 693 370
329 485 885
330 890 951
331 478 956
332 782 216
333 104 50
334 822 370
335 73  108
336 7 981
337 987 382
338 397 439
339 986 513
340 871 661
341 636 866
342 154 39
343 70  100
344 75  647
345 383 5
346 86  692
347 263 570
348 26  218
349 892 317
350 139 60
351 76  883
352 336 44
353 648 837
354 713 447
355 98  769
356 316 688
357 470 613
358 157 295
359 499 223
360 482 100
361 3 209
362 280 692
363 525 6
364 54  122
365 220 208
366 838 860
367 0 143
368 455 989
369 923 705
370 41  665
371 829 426
372 809 821
373 238 811
374 57  114
375 490 911
376 445 135
377 126 154
378 502 856
379 543 422
380 395 335
381 873 378
382 947 675
383 127 46
384 895 216
385 590 641
386 415 0
387 456 639
388 881 466
389 721 116
390 884 403
391 323 319
392 495 158
393 534 496
394 784 89
395 600 973
396 582 263
397 630 484
398 498 412
399 737 749
400 187 137
401 433 302
402 864 360
403 262 566
404 63  28
405 698 186
406 669 65
407 280 605
408 163 577
409 7 891
410 156 301
411 977 815
412 144 312
413 272 181
414 524 978
415 112 407
416 865 155
417 232 344
418 418 650
419 529 362
420 889 916
421 952 677
422 443 10
423 644 925
424 982 797
425 328 995
426 652 395
427 954 103
428 614 890
429 583 127
430 54  278
431 534 176
432 457 678
433 769 423
434 111 776
435 537 183
436 887 534
437 263 242
438 238 143
439 693 433
440 481 223
441 276 463
442 301 278
443 813 997
444 522 400
445 342 979
446 121 219
447 282 213
448 495 110
449 824 196
450 974 643
451 567 187
452 588 289
453 415 542
454 84  369
455 711 288
456 192 263
457 634 955
458 134 858
459 836 650
460 401 251
461 330 390
462 757 708
463 640 675
464 512 860
465 179 319
466 36  160
467 902 529
468 526 587
469 186 229
470 15  596
471 979 645
472 647 323
473 182 123
474 184 38
475 302 219
476 781 849
477 330 18
478 991 649
479 887 717
480 37  331
481 616 448
482 331 231
483 822 365
484 230 835
485 359 963
486 60  730
487 776 660
488 376 810
489 703 627
490 481 728
491 495 862
492 192 598
493 121 520
494 854 951
495 305 495
496 603 933
497 916 240
498 889 765
499 608 852
500 233 438
501 715 397
502 250 676
503 385 490
504 911 127
505 977 120
506 57  831
507 695 732
508 168 907
509 487 552
510 379 518
511 175 165
512 741 69
513 859 350
514 741 665
515 542 145
516 65  804
517 34  189
518 618 340
519 87  291
520 784 685
521 785 260
522 943 254
523 183 988
524 239 180
525 206 769
526 597 257
527 780 886
528 981 148
529 227 435
530 918 839
531 905 402
532 257 337
533 100 996
534 194 631
535 164 219
536 524 887
537 909 704
538 169 906
539 241 785
540 937 826
541 62  828
542 538 74
543 399 812
544 855 575
545 802 150
546 451 192
547 979 779
548 342 445
549 692 472
550 9 452
551 897 431
552 665 139
553 128 106
554 768 689
555 150 279
556 791 248
557 836 385
558 235 877
559 315 98
560 895 755
561 363 154
562 373 633
563 42  430
564 850 534
565 592 274
566 95  712
567 565 82
568 736 849
569 227 124
570 770 512
571 191 627
572 334 855
573 307 97
574 718 570
575 808 903
576 630 96
577 694 101
578 714 65
579 380 514
580 311 9
581 581 60
582 483 315
583 452 330
584 269 422
585 986 414
586 207 280
587 645 986
588 97  50
589 258 620
590 19  60
591 159 382
592 594 3
593 575 648
594 505 396
595 271 186
596 259 278
597 440 484
598 204 169
599 839 329
600 796 265
601 184 633
602 110 901
603 794 510
604 612 243
605 471 610
606 168 254
607 651 691
608 317 884
609 788 451
610 778 532
611 999 602
612 223 747
613 951 203
614 290 179
615 5 237
616 848 785
617 606 434
618 511 279
619 919 357
620 409 840
621 726 723
622 198 57
623 563 987
624 330 143
625 112 165
626 564 379
627 841 919
628 736 821
629 895 875
630 772 252
631 233 210
632 956 386
633 29  477
634 440 322
635 300 683
636 19  243
637 804 616
638 139 376
639 177 425
640 164 188
641 330 450
642 894 845
643 81  292
644 327 908
645 52  153
646 681 294
647 806 403
648 650 476
649 238 416
650 930 935
651 220 643
652 976 863
653 487 945
654 23  117
655 777 163
656 352 425
657 224 959
658 800 833
659 1 880
660 530 411
661 205 696
662 47  211
663 1 975
664 463 461
665 12  909
666 9 25
667 960 395
668 808 103
669 555 364
670 881 187
671 640 356
672 423 259
673 574 348
674 312 251
675 881 836
676 874 740
677 135 158
678 904 910
679 102 78
680 926 747
681 133 610
682 712 498
683 801 94
684 46  372
685 792 533
686 744 492
687 49  160
688 910 98
689 161 275
690 462 5
691 2 317
692 892 299
693 623 197
694 280 296
695 390 873
696 569 740
697 382 176
698 67  260
699 22  899
700 224 74
701 976 106
702 643 937
703 286 733
704 343 347
705 768 396
706 281 2
707 646 481
708 113 496
709 449 469
710 209 276
711 146 512
712 925 847
713 541 265
714 108 218
715 909 962
716 873 616
717 891 741
718 610 429
719 632 229
720 254 413
721 174 367
722 801 148
723 94  483
724 70  736
725 396 630
726 722 757
727 652 154
728 524 473
729 390 532
730 865 278
731 739 441
732 522 405
733 315 92
734 676 875
735 367 807
736 174 702
737 161 844
738 52  348
739 628 479
740 294 425
741 245 335
742 849 644
743 188 955
744 898 25
745 712 633
746 369 346
747 795 493
748 704 846
749 33  817
750 872 179
751 774 620
752 635 620
753 512 482
754 67  510
755 527 626
756 316 970
757 777 242
758 622 844
759 35  70
760 577 911
761 285 224
762 652 328
763 358 274
764 950 346
765 824 571
766 228 251
767 133 826
768 166 573
769 5 941
770 876 539
771 74  80
772 668 777
773 773 7
774 71  263
775 476 656
776 94  533
777 895 963
778 744 131
779 710 940
780 790 311
781 470 10
782 778 994
783 726 581
784 301 968
785 425 873
786 510 342
787 551 998
788 880 251
789 13  286
790 229 807
791 791 870
792 980 301
793 319 503
794 678 661
795 131 647
796 756 147
797 752 792
798 552 315
799 833 41
800 570 210
801 550 937
802 0 825
803 237 533
804 484 801
805 281 735
806 126 383
807 261 867
808 765 621
809 340 504
810 483 824
811 904 551
812 380 261
813 450 572
814 581 121
815 737 364
816 504 708
817 162 788
818 379 894
819 415 846
820 11  831
821 357 10
822 794 896
823 168 803
824 981 897
825 740 619
826 192 525
827 307 810
828 193 59
829 348 6
830 896 319
831 718 704
832 635 865
833 44  81
834 677 455
835 365 89
836 993 748
837 21  769
838 264 253
839 794 836
840 158 537
841 299 507
842 837 673
843 625 578
844 726 948
845 225 753
846 529 813
847 57  217
848 493 88
849 977 476
850 926 415
851 370 421
852 960 959
853 56  666
854 568 361
855 418 120
856 830 947
857 799 823
858 447 171
859 136 12
860 510 332
861 864 465
862 510 511
863 37  62
864 610 786
865 739 627
866 155 680
867 710 998
868 443 869
869 243 357
870 736 125
871 323 814
872 526 532
873 20  222
874 54  930
875 124 270
876 76  619
877 43  801
878 872 318
879 938 393
880 518 361
881 114 189
882 398 156
883 666 975
884 976 884
885 362 501
886 799 452
887 791 71
888 778 700
889 745 362
890 691 851
891 870 506
892 957 214
893 547 416
894 645 140
895 41  367
896 747 223
897 884 821
898 686 750
899 520 508
900 86  411
901 196 752
902 790 247
903 100 49
904 116 857
905 754 899
906 387 843
907 653 877
908 682 525
909 156 967
910 861 886
911 628 139
912 829 776
913 829 177
914 48  367
915 553 756
916 308 857
917 525 768
918 739 419
919 534 906
920 74  407
921 829 489
922 174 812
923 756 539
924 783 958
925 651 110
926 551 459
927 980 868
928 295 427
929 729 915
930 518 915
931 46  872
932 172 627
933 130 202
934 677 872
935 374 795
936 181 760
937 751 788
938 83  664
939 459 649
940 792 917
941 813 502
942 746 768
943 377 708
944 676 582
945 367 690
946 124 298
947 280 13
948 209 128
949 794 714
950 636 512
951 901 875
952 970 319
953 301 452
954 146 305
955 45  362
956 239 811
957 423 798
958 477 717
959 102 815
960 504 648
961 524 158
962 902 424
963 538 337
964 951 766
965 296 959
966 647 246
967 395 299
968 970 492
969 260 138
970 394 642
971 795 836
972 657 44
973 263 655
974 776 212
975 436 346
976 309 29
977 982 977
978 879 198
979 99  1000
980 927 947
981 419 592
982 742 981
983 138 226
984 714 685
985 410 503
986 858 581
987 988 225
988 576 24
989 114 728
990 673 162
991 660 459
992 624 134
993 520 801
994 86  528
995 245 156
996 671 77
997 944 270
998 951 622
999 412 813
1000  732 304
1001  532 201